x_line = linspace(-0.5, -2.5, 10)';
y_line = linspace(220, 0, 10)';
% x = [-34.5;-34.3; -34; -33.5 ;-31.5; -25; -17; -10; -4; -1; -0.7; -0.5];
% y = [290 ;280; 270 ;260; 250; 243; 250; 257; 255; 240; 230; 220];
%x = [x; x_line];
%y = [y; y_line];

s = [-34.6, 280;-33.5, 250; -32, 248.5; -30, 247; -27, 245; -25, 244; -22, 245; -20, 246; -17.5, 250; -15, 252; -10, 256; -8, 255; -5, 252; -4, 250; -2, 240; -1 230; -0.7, 220; -0.5, 210];
x_s = s(:,1);
y_s = s(:,2);